1.0000    0.2335
2.0000    0.2218
3.0000    0.0952
4.0000    0.1247
5.0000    0.1076
6.0000    0.0580
7.0000    0.0889
8.0000    0.0691
9.0000    0.0445
10.0000    0.0299
11.0000    0.0643
12.0000    0.0102
13.0000    0.2699
14.0000    0.2067
15.0000    0.2771
16.0000    0.0579
17.0000    0.2600
18.0000    0.2504
19.0000   -0.0338
20.0000   -0.0007
21.0000    0.2755
22.0000    0.2254
23.0000    0.2226
24.0000    0.2397
25.0000    0.2670
26.0000    0.2284
27.0000    0.1672
28.0000    0.1317
29.0000    0.2431
30.0000    0.1257
31.0000    0.1426
32.0000    0.1174
33.0000    0.1314
34.0000    0.0841
35.0000    0.1286
36.0000    0.0647
37.0000    0.2561
38.0000    0.2409
39.0000    0.1038
40.0000    0.1548
41.0000    0.1102
42.0000    0.0650
43.0000    0.1724
44.0000    0.1589
45.0000    0.0575
46.0000    0.1071
47.0000    0.0935
48.0000    0.0387
49.0000    0.2023
50.0000    0.1929
51.0000    0.0999
52.0000    0.1030
53.0000    0.1273
54.0000    0.0652
55.0000    0.1711
56.0000    0.1640
57.0000    0.0754
58.0000    0.0751
59.0000    0.1033
60.0000    0.0349
61.0000    0.1885
62.0000    0.1771
63.0000    0.0506
64.0000    0.0669
65.0000    0.1241
66.0000    0.0301
67.0000    0.1860
68.0000    0.1660
69.0000    0.0767
70.0000    0.0916
71.0000    0.1286
72.0000    0.0504
73.0000    0.1970
74.0000    0.1822
75.0000    0.0921
76.0000    0.1004
77.0000    0.1324
78.0000    0.0640
79.0000    0.1568
80.0000    0.1335
81.0000    0.1003
82.0000    0.1040
83.0000    0.0896
84.0000    0.0747
85.0000    0.1922
86.0000    0.1836
87.0000    0.1197
88.0000    0.1085
89.0000    0.1107
90.0000    0.0754
91.0000    0.1870
92.0000    0.1690
93.0000    0.1057
94.0000    0.1089
95.0000    0.1036
96.0000    0.0697
97.0000    0.1615
98.0000    0.1432
99.0000    0.1269
100.0000    0.1168
101.0000    0.1093
102.0000    0.0975
103.0000    0.1692
104.0000    0.1650
105.0000    0.1026
106.0000    0.0967
107.0000    0.0991
108.0000    0.0705
109.0000    0.1645
110.0000    0.1556
111.0000    0.1227
112.0000    0.1190
113.0000    0.0908
114.0000    0.0783
115.0000    0.1967
116.0000    0.1675
117.0000    0.1175
118.0000    0.1118
119.0000    0.2058
120.0000    0.0774
121.0000    0.2233
122.0000    0.1808
123.0000    0.1234
124.0000    0.1083
125.0000    0.2144
126.0000    0.0795
127.0000    0.2340
128.0000    0.1845
129.0000    0.1252
130.0000    0.1294
131.0000    0.1941
132.0000    0.0951
133.0000    0.2543
134.0000    0.2147
135.0000    0.1318
136.0000    0.1334
137.0000    0.2060
138.0000    0.1069
139.0000    0.2577
140.0000    0.2227
141.0000    0.1304
142.0000    0.1215
143.0000    0.2046
144.0000    0.0976
145.0000    0.2724
146.0000    0.2409
147.0000    0.1355
148.0000    0.1217
149.0000    0.2030
150.0000    0.1012
151.0000    0.2902
152.0000    0.2594
153.0000    0.1741
154.0000    0.1359
155.0000    0.2162
156.0000    0.1363
157.0000    0.2971
158.0000    0.2638
159.0000    0.2126
160.0000    0.1146
161.0000    0.2212
162.0000    0.1717
163.0000    0.1280
164.0000    0.1112
165.0000    0.0765
166.0000    0.0449
167.0000    0.0858
168.0000    0.0621
169.0000    0.1828
170.0000    0.1727
171.0000    0.0770
172.0000    0.0959
173.0000    0.0746
174.0000    0.0472
175.0000    0.1005
176.0000    0.0994
177.0000    0.0743
178.0000    0.0527
179.0000    0.0829
180.0000    0.0350
181.0000    0.1482
182.0000    0.1403
183.0000    0.1188
184.0000    0.0801
185.0000    0.1079
186.0000    0.0663
187.0000    0.1973
188.0000    0.2051
189.0000    0.1118
190.0000    0.0861
191.0000    0.1054
192.0000    0.0684
193.0000    0.1947
194.0000    0.1877
195.0000    0.1268
196.0000    0.0897
197.0000    0.1205
198.0000    0.0826
199.0000    0.2465
200.0000    0.2224
201.0000    0.1744
202.0000    0.1536
203.0000    0.0953
204.0000    0.1167
205.0000    0.2272
206.0000    0.2150
207.0000    0.1687
208.0000    0.1644
209.0000    0.0583
210.0000    0.1188
211.0000   -0.0493
212.0000    0.0338
213.0000    0.1518
214.0000    0.0881
215.0000    0.0912
216.0000    0.1126
217.0000   -0.0511
218.0000    0.0231
219.0000    0.1245
220.0000    0.0729
221.0000    0.0743
222.0000    0.0868
223.0000   -0.0185
224.0000    0.0292
225.0000    0.0909
226.0000    0.0665
227.0000    0.0483
228.0000    0.0571
229.0000   -0.0344
230.0000    0.0426
231.0000    0.0936
232.0000    0.0526
233.0000    0.0711
234.0000    0.0778
235.0000   -0.0102
236.0000    0.0288
237.0000    0.1002
238.0000    0.0744
239.0000    0.0515
240.0000    0.0773
241.0000   -0.0390
242.0000    0.0085
243.0000    0.1181
244.0000    0.0703
245.0000    0.0747
246.0000    0.0854
247.0000   -0.0290
248.0000    0.0124
249.0000    0.0567
250.0000    0.0138
251.0000    0.0506
252.0000    0.0405
253.0000    0.0058
254.0000    0.0249
255.0000    0.0864
256.0000    0.0391
257.0000    0.0507
258.0000    0.0529
259.0000    0.0026
260.0000    0.0286
261.0000    0.1033
262.0000    0.0812
263.0000    0.0678
264.0000    0.0877
265.0000   -0.0063
266.0000    0.0304
267.0000    0.1133
268.0000    0.0739
269.0000    0.0803
270.0000    0.0954
271.0000   -0.0118
272.0000    0.0266
273.0000    0.1142
274.0000    0.0871
275.0000    0.0793
276.0000    0.0953
277.0000   -0.0132
278.0000    0.0211
279.0000    0.1214
280.0000    0.0782
281.0000    0.0666
282.0000    0.0881
283.0000   -0.0123
284.0000    0.0187
285.0000    0.1284
286.0000    0.0838
287.0000    0.0716
288.0000    0.0951
289.0000   -0.0212
290.0000   -0.0049
291.0000    0.1060
292.0000    0.0800
293.0000    0.0884
294.0000    0.0947
295.0000   -0.0082
296.0000    0.0282
297.0000    0.1331
298.0000    0.1092
299.0000    0.0917
300.0000    0.1154
301.0000   -0.0508
302.0000    0.0338
303.0000    0.1227
304.0000    0.0578
305.0000    0.0754
306.0000    0.0841
307.0000   -0.0559
308.0000    0.0561
309.0000    0.1215
310.0000    0.0786
311.0000    0.0662
312.0000    0.0848
313.0000   -0.0442
314.0000    0.0320
315.0000    0.1301
316.0000    0.0851
317.0000    0.0833
318.0000    0.1009
319.0000   -0.0366
320.0000    0.0109
321.0000    0.1241
322.0000    0.0668
323.0000    0.0830
324.0000    0.0966
325.0000   -0.0398
326.0000    0.0040
327.0000    0.1201
328.0000    0.0636
329.0000    0.0789
330.0000    0.0834
331.0000   -0.0454
332.0000    0.0177
333.0000    0.1319
334.0000    0.0930
335.0000    0.0878
336.0000    0.1018
337.0000   -0.0381
338.0000    0.0301
339.0000    0.1622
340.0000    0.1070
341.0000    0.1091
342.0000    0.1174
343.0000   -0.0228
344.0000    0.0186
345.0000    0.2078
346.0000    0.1176
347.0000    0.1450
348.0000    0.1526
349.0000   -0.0319
350.0000    0.0309
351.0000    0.0940
352.0000    0.0728
353.0000    0.0538
354.0000    0.0739
355.0000   -0.0257
356.0000    0.0428
357.0000    0.0890
358.0000    0.0621
359.0000    0.0582
360.0000    0.0663
361.0000   -0.0149
362.0000    0.0517
363.0000    0.0871
364.0000    0.0810
365.0000    0.0450
366.0000    0.0750
367.0000   -0.0308
368.0000    0.0310
369.0000    0.1230
370.0000    0.0807
371.0000    0.0891
372.0000    0.0994
373.0000   -0.0249
374.0000    0.0341
375.0000    0.1363
376.0000    0.0723
377.0000    0.0831
378.0000    0.0941
379.0000   -0.0350
380.0000    0.0195
381.0000    0.1410
382.0000    0.0881
383.0000    0.0904
384.0000    0.1074
385.0000   -0.0295
386.0000    0.0228
387.0000    0.1859
388.0000    0.1261
389.0000    0.1315
390.0000    0.1530
391.0000   -0.0237
392.0000    0.0191
393.0000    0.1711
394.0000    0.1023
395.0000    0.1130
396.0000    0.1288
397.0000    0.1083
398.0000    0.0645
399.0000    0.1140
400.0000    0.0392
401.0000    0.0971
402.0000    0.0963
403.0000    0.1085
404.0000    0.0536
405.0000    0.1071
406.0000    0.0319
407.0000    0.0795
408.0000    0.0790
409.0000    0.1177
410.0000    0.0855
411.0000    0.0868
412.0000    0.0240
413.0000    0.0557
414.0000    0.0510